300 299.9 (27 points)
0 0	18 24	29 31	32 36	32 38	34 38	37 38	52 51	64 71	67 75	69 76	83 90	85 90	85 93	86 97	100 100	98 95	92 82	82 71	75 53	72 49	63 32	35 17	27 8	20 7	7 1	0 0	
0.00247 seconds

450 434.3 (52 points)
0 0	7 1	8 27	17 28	18 24	18 34	22 36	29 31	32 36	32 38	34 38	37 38	38 71	39 69	39 73	51 79	59 75	63 76	64 71	67 75	68 73	69 76	70 94	74 95	83 90	85 90	85 93	86 97	98 95	100 100	97 79	92 82	88 68	88 58	87 59	84 46	75 53	72 49	71 55	68 54	63 32	58 15	56 5	56 4	47 4	38 4	36 3	30 6	27 8	24 15	20 7	0 0	
0.00311 seconds

850 842.8 (74 points)
0 0	7 1	8 27	17 28	18 24	18 34	22 36	23 52	25 67	25 70	26 54	29 31	32 36	32 38	34 38	37 38	38 71	39 69	39 73	42 89	47 98	50 89	51 79	59 75	63 76	63 85	64 71	67 75	68 73	69 76	70 94	74 95	83 90	85 90	85 93	86 97	87 59	88 58	88 68	92 82	97 79	98 95	100 100	95 35	94 37	92 41	92 27	87 23	86 30	81 16	79 23	72 8	69 5	60 7	58 15	56 5	56 4	47 4	38 4	36 3	35 17	33 25	32 57	29 96	25 87	20 84	19 91	16 85	13 90	5 99	4 90	4 76	4 47	0 0	
0.00410 seconds

1150 1138.1 (85 points)
0 0	7 1	8 27	13 49	15 44	17 28	18 24	18 34	22 36	23 52	25 67	25 70	26 54	29 31	32 36	32 38	34 38	37 38	38 71	39 69	39 73	40 99	42 89	47 98	50 89	51 79	59 75	63 76	63 85	64 71	67 75	68 73	69 76	71 55	72 49	75 53	82 71	83 90	85 90	85 93	86 97	87 59	88 58	88 68	89 42	92 41	94 37	95 35	97 79	98 95	100 100	98 18	93 22	92 27	89 2	87 23	86 30	84 46	81 16	79 23	72 8	69 5	60 7	58 15	56 5	56 4	53 19	47 4	38 4	36 3	35 17	33 25	32 57	29 96	25 87	20 84	19 91	18 64	16 85	13 90	5 99	4 90	4 76	4 47	0 0	
0.00439 seconds

