300 287.8 (34 points)
0 0	11 5	18 5	18 22	19 42	25 52	25 72	26 72	29 64	32 47	35 53	36 51	37 38	39 36	39 41	43 52	46 47	57 40	63 44	64 54	64 56	66 51	66 54	69 53	70 64	70 74	72 77	72 85	77 75	79 80	85 95	88 98	95 98	100 100	
0.00179 seconds

450 430.8 (41 points)
0 0	4 66	5 62	7 56	9 58	14 57	17 33	19 42	25 52	25 72	26 72	29 64	29 96	30 86	31 91	32 71	35 53	36 51	37 38	39 36	39 41	43 52	46 47	57 40	63 44	64 54	64 56	64 66	66 51	66 54	69 53	70 64	70 74	72 77	72 85	77 75	79 80	85 95	88 98	95 98	100 100	
0.00221 seconds

850 818.1 (57 points)
0 0	4 66	5 62	7 56	9 58	9 72	14 57	17 33	18 5	18 22	19 42	25 52	25 72	26 72	29 64	29 96	30 86	31 91	32 71	35 53	36 51	37 38	39 36	39 41	42 10	42 28	46 8	48 4	51 11	53 2	57 40	57 60	59 66	63 44	64 54	64 56	64 66	66 51	66 54	69 53	70 64	70 74	72 77	72 85	73 36	74 3	78 5	84 3	84 4	86 5	88 22	88 43	89 52	94 82	95 98	97 86	100 100	
0.00294 seconds

1150 1144.8 (65 points)
0 0	4 66	5 62	7 56	9 58	9 72	14 57	17 33	18 5	18 22	19 42	22 86	23 97	25 52	25 72	26 72	29 64	29 96	30 86	31 91	32 71	35 53	36 51	37 38	39 36	39 41	42 10	42 28	46 8	48 4	51 11	53 2	57 40	57 60	59 66	61 89	63 96	64 54	64 56	64 66	66 51	66 54	69 53	70 64	70 74	72 77	72 85	73 36	77 50	77 75	78 98	79 80	82 50	84 3	84 4	86 5	88 22	88 43	89 52	97 22	98 16	98 27	98 39	99 21	100 100	
0.00334 seconds

