300 298.3 (32 points)
0 0	14 12	19 14	23 14	26 20	29 20	34 24	38 29	49 36	57 41	59 44	78 64	79 64	80 64	89 84	89 89	96 97	99 98	100 100	74 78	71 73	54 58	51 52	49 51	41 47	36 48	35 46	31 37	28 36	16 32	16 31	0 0	
0.00250 seconds

450 442.3 (55 points)
0 0	12 3	14 12	19 14	23 14	26 20	29 20	30 13	34 20	34 24	38 29	41 37	47 31	49 36	52 23	54 24	57 29	57 41	59 44	69 41	73 42	78 64	79 64	80 64	85 61	89 84	89 89	96 97	99 98	100 100	97 87	91 80	78 75	74 78	72 83	70 89	67 95	56 91	56 74	54 58	53 62	51 52	49 51	41 47	36 48	35 46	31 37	28 36	17 46	16 50	14 51	13 49	8 44	1 34	0 0	
0.00307 seconds

850 837.0 (76 points)
0 0	1 34	8 44	13 49	14 39	16 31	16 32	16 50	17 46	19 14	23 14	26 20	29 20	30 13	34 20	34 24	38 29	41 37	47 31	49 36	49 51	51 52	53 62	54 58	56 74	56 91	67 95	70 89	72 83	72 91	74 78	78 64	79 64	80 64	85 61	89 84	89 89	91 80	92 65	95 63	97 87	99 98	100 100	96 97	96 42	95 48	93 36	88 20	88 2	87 10	80 16	76 23	74 15	70 5	68 8	68 5	59 20	57 29	54 24	52 23	48 12	41 47	36 48	35 46	31 37	29 29	28 36	24 51	23 56	19 76	16 84	15 67	14 51	14 12	12 3	0 0	
0.00394 seconds

1150 1121.1 (87 points)
0 0	1 34	1 54	8 44	13 49	14 39	16 31	16 32	16 50	17 46	19 14	23 14	26 20	29 20	29 29	30 13	34 20	34 24	35 46	36 48	38 29	41 37	41 47	47 31	49 36	49 51	51 52	53 62	54 58	56 74	56 91	67 95	70 89	71 73	72 83	72 91	74 78	78 64	78 75	79 64	80 64	85 61	89 84	89 89	91 80	92 65	95 63	96 97	97 87	99 98	100 100	98 19	97 12	97 8	96 42	95 48	93 36	90 47	88 20	88 2	87 10	80 16	76 23	74 15	70 5	68 8	68 5	59 20	57 41	57 29	54 24	52 23	49 2	48 12	41 12	31 37	28 36	25 66	24 51	23 56	19 76	16 84	15 67	14 51	14 12	12 3	0 0	
0.00423 seconds

