300 290.0 (38 points)
0 0	7 12	12 18	16 30	17 28	17 32	20 21	22 21	26 18	28 24	28 26	32 22	35 20	37 15	39 12	39 14	45 13	46 5	47 11	48 13	53 45	53 67	56 65	56 81	60 89	61 86	62 78	67 67	69 66	69 73	75 71	88 65	88 71	88 78	93 76	94 86	94 88	100 100	
0.00199 seconds

450 438.5 (48 points)
0 0	7 12	12 18	16 30	17 28	17 32	19 12	20 21	22 21	26 18	28 24	28 26	32 22	35 20	37 15	38 4	39 12	39 14	39 23	42 28	45 13	46 5	47 11	48 13	53 45	53 67	56 65	56 81	60 89	61 86	62 78	67 67	69 66	69 73	73 82	74 86	75 71	76 43	84 38	85 46	88 65	88 71	88 78	89 98	90 91	94 86	94 88	100 100	
0.00250 seconds

850 830.2 (67 points)
0 0	3 44	5 88	5 93	5 96	10 99	11 99	12 81	12 86	13 77	15 57	16 30	17 28	17 32	19 12	20 21	22 21	22 31	23 52	25 69	25 79	25 83	26 18	28 24	28 26	32 22	35 20	37 15	38 4	39 12	39 14	39 23	42 28	45 13	46 5	47 11	48 13	53 45	53 67	56 65	56 81	60 89	61 86	62 78	67 67	69 66	69 73	73 82	74 86	75 71	76 43	84 38	85 46	88 65	88 71	88 78	89 98	90 91	91 30	92 25	92 25	92 51	93 51	93 76	94 86	94 88	100 100	
0.00332 seconds

1150 1138.7 (77 points)
0 0	3 44	5 88	5 93	5 96	10 99	11 99	12 81	12 86	13 77	13 92	15 57	16 30	17 28	17 32	17 58	19 42	20 21	22 21	22 31	23 52	25 69	25 79	25 83	26 18	28 24	28 26	32 22	33 38	35 20	35 37	37 15	38 4	38 26	38 50	38 60	39 12	39 14	39 23	41 40	42 28	45 13	46 5	47 11	48 13	53 45	53 67	54 85	56 65	56 81	60 89	61 86	62 78	67 67	69 66	69 73	73 82	74 86	75 71	76 43	80 23	84 38	85 46	88 65	88 71	88 78	89 98	90 91	91 30	92 25	92 25	92 51	93 51	93 76	94 86	94 88	100 100	
0.00368 seconds

