300 299.2 (31 points)
0 0	8 11	11 23	18 30	20 33	25 34	31 40	38 42	52 49	54 53	58 56	61 60	66 64	80 80	81 82	84 90	84 91	85 90	96 95	100 100	66 85	65 84	50 73	43 69	31 56	30 50	23 46	19 41	17 34	9 25	0 0	
0.00271 seconds

450 438.3 (58 points)
0 0	8 11	9 25	11 23	11 36	12 39	17 34	19 41	21 47	23 46	30 44	30 50	32 47	38 42	48 40	49 43	52 49	54 53	57 60	58 56	61 60	62 57	66 64	68 60	73 53	80 59	80 74	80 80	81 82	84 90	84 91	85 90	96 95	100 100	99 80	96 76	91 77	90 79	71 83	66 85	65 84	54 88	54 86	50 73	43 69	42 73	40 76	38 76	33 76	31 56	31 40	25 34	20 33	18 30	9 39	8 39	5 37	0 0	
0.00325 seconds

850 828.8 (80 points)
0 0	8 11	9 25	11 23	11 36	12 39	17 34	18 30	20 23	20 33	21 47	23 46	30 44	30 50	31 56	33 76	38 76	40 76	42 73	43 69	48 40	49 43	52 49	54 53	57 60	58 56	61 60	62 57	65 8	65 11	65 24	66 27	66 33	66 39	66 64	68 60	73 53	80 59	80 74	80 80	81 82	84 90	84 91	85 90	90 79	91 77	96 76	99 80	100 100	99 62	98 24	94 13	93 19	90 29	88 34	87 6	87 5	80 15	77 18	73 21	68 23	67 15	56 17	54 6	53 8	51 20	49 9	48 20	42 51	38 42	32 47	31 40	25 34	19 41	14 60	13 72	9 39	8 39	5 37	0 0	
0.00393 seconds

1150 1125.3 (87 points)
0 0	8 11	9 25	9 39	11 23	11 36	12 39	17 34	18 30	19 41	20 23	20 33	21 47	23 46	25 34	30 44	30 50	31 40	31 56	32 47	33 76	38 76	40 76	42 73	43 69	48 40	49 43	52 49	54 53	57 60	58 56	61 60	62 57	65 8	65 11	65 24	66 27	66 33	66 39	67 15	68 23	73 21	77 18	80 15	80 59	80 74	80 80	81 82	84 90	84 91	85 90	90 79	91 77	96 76	99 80	100 100	99 62	98 24	94 13	93 19	90 29	88 34	87 6	87 5	73 53	71 83	66 93	66 85	66 64	65 84	61 40	56 17	55 35	54 6	53 8	51 20	49 9	48 20	48 2	37 9	32 3	31 5	24 15	13 12	8 39	5 37	0 0	
0.00420 seconds

