300 298.4 (28 points)
0 0	8 18	17 33	29 43	32 47	36 51	43 52	57 60	64 66	70 74	72 77	79 80	85 95	88 98	95 98	100 100	77 75	70 64	66 54	66 51	63 44	57 40	42 28	34 20	30 11	18 5	11 5	0 0	
0.00232 seconds

450 440.5 (53 points)
0 0	8 18	17 33	19 42	29 43	32 47	35 53	36 51	37 38	39 36	39 41	43 52	46 47	57 40	63 44	64 54	64 56	66 51	66 54	69 53	70 64	70 74	72 77	77 75	79 80	85 95	88 98	95 98	100 100	97 86	94 82	89 52	88 43	88 22	86 5	84 4	84 3	78 5	74 3	71 13	70 7	67 15	64 16	58 1	53 2	48 4	46 8	42 10	37 9	30 11	18 5	11 5	0 0	
0.00277 seconds

850 840.0 (74 points)
0 0	11 5	18 5	18 22	19 42	25 52	25 72	26 72	29 64	29 96	30 86	31 91	32 71	35 53	36 51	37 38	39 36	39 41	43 52	46 47	57 40	57 60	59 66	63 44	64 54	64 56	64 66	66 51	66 54	69 53	70 64	70 74	72 77	72 85	77 75	79 80	85 95	88 98	95 98	100 100	97 86	94 82	89 52	88 43	88 22	86 5	84 4	84 3	78 5	74 3	73 36	72 33	71 13	70 7	67 15	64 16	58 1	53 2	51 11	48 4	46 8	42 10	37 9	34 20	32 47	29 43	17 33	14 57	9 72	9 58	7 56	5 62	4 66	0 0	
0.00368 seconds

1150 1132.2 (81 points)
0 0	4 66	5 62	7 56	9 58	14 57	17 33	19 42	25 52	25 72	26 72	29 64	29 96	30 86	31 91	32 71	35 53	36 51	37 38	39 36	39 41	42 28	46 8	48 4	51 11	53 2	57 40	57 60	59 66	63 44	64 54	64 56	64 66	66 51	66 54	69 53	70 64	70 74	72 77	72 85	77 75	79 80	85 95	88 98	95 98	97 86	100 100	99 21	98 39	98 27	98 16	97 22	89 52	88 43	88 22	86 5	84 4	84 3	78 5	74 3	73 36	72 33	71 13	70 7	67 15	64 16	63 96	61 89	52 97	46 82	46 47	43 52	41 69	37 66	32 47	29 43	18 22	18 5	11 5	8 18	0 0	
0.00394 seconds

