300 298.9 (36 points)
0 0	12 3	14 12	16 31	16 32	19 14	23 14	26 20	29 20	30 13	34 20	34 24	38 29	41 37	47 31	49 36	49 51	51 52	53 62	54 58	56 74	56 91	67 95	70 89	72 83	72 91	74 78	78 64	79 64	80 64	85 61	89 84	89 89	96 97	99 98	100 100	
0.00195 seconds

450 433.1 (44 points)
0 0	1 34	8 44	13 49	14 39	16 31	16 32	16 50	17 46	19 14	23 14	26 20	29 20	29 29	30 13	34 20	34 24	38 29	41 37	47 31	49 36	49 51	51 52	53 62	54 58	56 74	56 91	67 95	70 89	72 83	72 91	74 78	78 64	79 64	80 64	85 61	89 84	89 89	91 80	92 65	95 63	97 87	99 98	100 100	
0.00239 seconds

850 841.1 (61 points)
0 0	1 34	1 54	4 70	8 44	9 32	13 49	14 39	14 51	16 31	16 32	16 50	17 46	19 14	23 14	26 1	26 20	28 36	29 20	29 29	30 13	34 20	34 24	35 46	36 48	37 64	40 71	41 37	41 47	47 31	48 12	49 2	49 36	49 51	51 52	53 62	54 58	56 74	56 91	67 95	70 89	71 73	72 83	72 91	74 78	78 64	78 75	79 64	80 64	85 61	89 84	89 89	91 80	92 65	93 36	95 48	95 63	96 97	97 87	99 98	100 100	
0.00316 seconds

1150 1118.4 (69 points)
0 0	1 34	1 54	4 70	8 44	9 32	13 49	14 39	14 51	15 67	16 31	16 32	16 50	17 46	19 14	23 14	26 1	26 20	28 36	29 20	29 29	30 13	31 37	34 20	34 24	35 46	36 48	37 64	40 71	41 37	41 47	47 31	48 12	49 2	49 36	49 51	51 52	53 62	54 58	55 91	56 74	56 91	57 29	57 41	59 20	68 5	68 8	69 41	70 89	71 73	72 83	72 91	74 78	78 64	78 75	79 64	80 64	85 61	89 84	89 89	91 80	92 65	93 36	95 48	95 63	96 97	97 87	99 98	100 100	
0.00353 seconds

