300 298.3 (28 points)
0 0	7 12	12 18	20 21	22 21	28 24	28 26	35 37	41 40	53 45	69 66	75 71	88 78	94 86	94 88	100 100	90 91	74 86	73 82	69 73	67 67	42 28	39 23	35 20	32 22	26 18	19 12	0 0	
0.00259 seconds

450 448.1 (57 points)
0 0	7 12	12 18	16 30	17 28	17 32	20 21	22 21	26 18	28 24	28 26	32 22	35 20	37 15	39 12	39 14	45 13	47 11	48 13	60 21	63 26	66 22	80 23	84 38	85 46	88 65	88 71	88 78	93 76	94 86	94 88	100 100	90 91	74 86	73 82	69 73	69 66	67 67	62 78	61 86	60 89	56 81	54 85	50 89	42 91	38 93	25 83	25 79	25 69	20 66	17 58	15 57	11 52	6 55	6 52	3 44	0 0	
0.00313 seconds

850 846.6 (79 points)
0 0	7 12	12 18	16 30	17 28	17 32	19 12	20 21	22 21	26 18	28 24	28 26	32 22	35 20	37 15	38 4	39 12	39 14	39 23	42 28	45 13	46 5	47 11	48 13	53 45	53 67	56 65	56 81	60 89	61 86	62 78	67 67	69 66	69 73	73 82	74 86	75 71	76 43	84 38	85 46	88 65	88 71	88 78	93 76	94 86	94 88	100 100	93 51	92 51	92 25	92 25	91 30	86 22	80 23	66 22	63 26	60 21	41 40	38 60	38 50	35 37	33 38	28 67	25 83	25 79	25 69	20 66	17 58	15 57	13 77	12 86	12 81	11 99	10 99	5 96	5 93	5 88	3 44	0 0	
0.00392 seconds

1150 1113.3 (89 points)
0 0	3 44	5 88	5 93	5 96	10 99	11 99	12 81	12 86	13 77	15 57	16 30	17 28	17 32	19 12	20 21	22 21	26 18	28 24	28 26	32 22	35 20	37 15	38 4	39 12	39 14	39 23	42 28	45 13	46 5	47 11	48 13	53 45	53 67	56 65	56 81	60 89	61 86	62 78	67 67	69 66	69 73	73 82	74 86	75 71	76 43	84 38	85 46	88 65	88 71	88 78	93 76	94 86	94 88	100 100	93 51	92 51	92 25	92 25	91 30	86 22	86 2	80 23	66 22	63 26	60 21	60 5	51 65	50 89	46 81	42 91	39 68	38 60	38 50	38 26	35 37	33 38	28 67	25 83	25 79	25 69	23 52	22 31	19 42	17 58	11 52	8 29	7 12	0 0	
0.00422 seconds

