300 299.0 (36 points)
0 0	7 1	8 27	17 28	18 24	18 34	22 36	29 31	32 36	32 38	34 38	37 38	38 71	39 69	39 73	42 89	47 98	50 89	51 79	59 75	63 76	63 85	64 71	67 75	68 73	69 76	70 94	74 95	83 90	85 90	85 93	86 97	92 82	97 79	98 95	100 100	
0.00197 seconds

450 446.6 (45 points)
0 0	7 1	8 27	13 49	15 44	17 28	18 24	18 34	22 36	23 52	25 67	25 70	26 54	29 31	32 36	32 38	34 38	37 38	38 71	39 69	39 73	42 89	47 98	50 89	51 79	59 75	63 76	63 85	64 71	67 75	68 73	69 76	70 94	74 95	83 90	85 90	85 93	86 97	87 59	88 58	88 68	92 82	97 79	98 95	100 100	
0.00229 seconds

850 827.1 (61 points)
0 0	7 1	8 27	8 65	13 49	15 44	17 28	18 24	18 34	22 36	23 52	25 67	25 70	26 54	29 31	32 36	32 38	33 25	34 38	37 38	38 71	39 69	39 73	40 99	42 89	47 98	50 89	51 79	52 51	53 19	56 4	56 5	58 15	60 7	63 32	63 76	63 85	64 71	67 75	68 73	69 76	71 55	72 49	75 53	82 71	83 90	85 90	85 93	86 97	87 59	88 58	88 68	89 42	92 27	92 41	93 22	94 37	95 35	97 79	98 95	100 100	
0.00307 seconds

1150 1134.0 (70 points)
0 0	4 47	4 76	4 90	5 99	8 65	13 49	15 44	17 28	18 24	18 34	18 64	19 91	20 84	22 36	23 52	25 67	25 70	25 87	26 54	29 31	32 36	32 38	33 25	34 38	35 17	36 3	37 38	38 71	39 69	39 73	40 99	42 89	47 98	50 89	51 79	52 51	53 19	56 4	56 5	58 15	60 7	63 32	63 76	63 85	64 71	67 75	68 73	69 76	70 94	71 74	72 49	75 53	82 71	83 90	85 90	85 93	86 97	87 59	88 58	88 68	89 42	92 27	92 41	93 22	94 37	95 35	97 79	98 95	100 100	
0.00345 seconds

