300 299.6 (25 points)
0 0	18 14	20 13	29 14	31 13	38 18	49 26	55 33	62 43	68 51	76 70	87 83	93 94	100 100	98 89	97 81	88 77	81 65	67 63	63 56	45 38	26 21	20 19	19 17	0 0	
0.00262 seconds

450 444.5 (50 points)
0 0	2 16	3 20	8 21	18 14	19 17	20 13	20 19	26 21	29 14	31 13	38 18	46 28	49 26	55 33	63 33	63 33	73 39	78 34	84 31	86 36	89 42	90 43	93 39	94 42	97 81	98 89	100 100	93 94	88 77	86 60	81 65	76 70	65 77	64 86	58 92	56 87	51 88	47 92	39 85	36 89	33 90	33 76	31 57	31 54	30 50	23 42	22 38	13 1	0 0	
0.00313 seconds

850 829.4 (74 points)
0 0	2 16	3 20	8 21	18 14	19 17	20 13	20 19	20 48	21 51	22 38	23 42	30 50	31 44	31 54	31 57	31 82	33 76	33 90	36 89	39 85	47 92	51 88	55 96	56 87	58 92	64 86	65 77	67 63	68 51	73 39	78 34	84 31	86 36	87 28	90 8	91 10	91 14	92 16	93 39	94 42	97 81	98 89	100 100	99 81	93 94	92 63	90 43	89 42	88 77	87 83	86 60	81 65	81 48	75 50	63 56	63 33	63 33	62 43	55 33	55 8	51 12	49 26	46 28	45 38	42 57	38 43	38 18	31 13	29 14	29 7	29 1	13 1	0 0	
0.00391 seconds

1150 1123.6 (87 points)
0 0	2 16	3 20	8 21	18 14	19 17	20 13	20 19	20 48	21 51	22 38	23 42	26 21	29 1	29 7	29 14	31 13	31 44	31 54	31 57	31 82	33 76	33 90	36 89	39 85	47 92	51 88	55 96	56 87	58 92	64 86	65 77	67 63	68 51	73 39	75 50	78 34	84 31	86 36	87 28	90 8	91 10	91 14	92 16	93 39	94 42	97 26	97 29	97 81	98 89	99 81	100 100	93 94	92 63	90 43	89 42	88 77	87 83	86 60	81 65	81 48	79 18	73 15	69 5	63 33	63 33	62 43	55 33	55 8	51 12	49 26	46 28	45 38	42 57	38 43	36 65	30 50	26 86	22 83	19 99	18 94	14 85	11 78	8 70	8 52	6 65	0 0	
0.00425 seconds

