300 290.5 (34 points)
0 0	2 16	3 20	8 21	18 14	19 17	20 13	20 19	20 48	21 51	22 38	23 42	30 50	31 44	31 54	31 57	38 43	45 38	46 28	49 26	55 33	63 33	63 33	73 39	78 34	84 31	86 36	89 42	90 43	93 39	94 42	97 81	98 89	100 100	
0.00201 seconds

450 434.7 (45 points)
0 0	2 16	3 20	8 21	18 14	19 17	20 13	20 19	20 48	21 51	22 38	23 42	30 50	31 44	31 54	31 57	31 82	33 76	33 90	36 89	39 85	47 92	51 88	55 96	56 87	58 92	64 86	65 77	67 63	68 51	73 39	78 34	84 31	86 36	87 28	90 8	91 10	91 14	92 16	95 9	97 26	97 29	97 81	98 89	100 100	
0.00243 seconds

850 839.9 (64 points)
0 0	2 16	3 20	8 21	8 52	8 70	11 78	14 85	15 62	18 14	19 17	20 13	20 19	20 48	21 51	22 38	23 42	26 21	29 1	29 7	29 14	31 13	31 44	31 54	31 57	31 82	33 76	33 90	36 89	39 85	42 57	45 38	46 28	49 26	51 12	55 8	55 33	62 43	63 33	63 33	63 56	64 86	65 77	67 63	68 51	73 39	75 50	78 34	79 18	84 31	86 36	87 28	90 8	91 10	91 14	92 16	93 39	94 42	97 26	97 29	97 81	98 89	99 81	100 100	
0.00316 seconds

1150 1130.5 (73 points)
0 0	2 16	3 20	8 21	8 52	8 70	9 93	11 78	14 85	15 62	18 14	19 17	20 13	20 19	20 48	21 51	22 38	23 42	26 21	29 1	29 7	29 14	31 13	31 44	31 54	31 57	31 82	33 76	33 90	36 89	39 85	42 57	45 38	46 28	49 26	51 12	55 8	55 33	62 43	63 33	63 33	63 56	64 86	65 77	67 63	68 51	69 5	73 15	73 39	75 50	78 34	79 18	81 48	81 65	84 31	86 36	86 60	87 83	88 77	89 42	90 43	91 10	91 14	92 16	93 39	94 42	95 9	97 26	97 29	97 81	98 89	99 81	100 100	
0.00350 seconds

