300 293.2 (41 points)
0 0	8 11	9 25	11 23	11 36	12 39	17 34	18 30	20 23	20 33	21 47	23 46	30 44	30 50	31 56	32 47	38 42	42 51	48 40	49 43	52 49	54 53	57 60	58 56	61 60	62 57	66 64	68 60	73 53	80 59	80 74	80 80	81 82	84 90	84 91	85 90	90 79	91 77	96 76	99 80	100 100	
0.00212 seconds

450 449.5 (51 points)
0 0	8 11	9 25	11 23	11 36	12 39	17 34	18 30	20 23	20 33	21 47	23 46	25 34	30 44	30 50	31 56	32 47	33 76	38 76	40 76	42 73	43 69	48 40	49 43	52 49	54 53	57 60	58 56	61 60	62 57	65 8	65 11	65 24	66 27	66 33	66 39	66 64	68 60	73 53	80 59	80 74	80 80	81 82	84 90	84 91	85 90	90 79	91 77	96 76	99 80	100 100	
0.00254 seconds

850 824.9 (65 points)
0 0	5 37	8 39	9 25	9 39	11 23	11 36	12 39	17 34	18 30	19 41	20 23	20 33	21 47	23 46	25 34	25 75	26 74	30 44	30 50	31 40	31 56	32 47	33 76	38 76	40 76	42 73	43 69	44 99	46 94	48 40	49 43	52 49	54 53	54 86	54 88	57 60	58 56	61 40	61 60	62 57	65 8	65 11	65 24	66 27	66 33	66 39	67 15	68 23	73 21	77 18	80 15	80 59	80 74	80 80	81 82	84 90	84 91	85 90	90 79	91 77	96 76	99 62	99 80	100 100	
0.00326 seconds

1150 1146.1 (74 points)
0 0	5 37	8 39	9 25	9 39	11 23	11 36	12 39	13 72	14 60	17 34	18 30	19 41	20 23	20 33	21 47	23 46	24 15	25 34	25 75	26 74	30 44	30 50	31 40	31 56	32 47	33 76	38 76	40 76	42 73	43 69	44 99	46 94	48 40	49 43	51 20	53 8	54 6	54 53	54 86	54 88	57 60	58 56	61 40	61 60	62 57	65 8	65 11	65 24	66 27	66 33	66 39	66 64	66 85	66 93	67 15	68 23	73 21	77 18	80 15	80 59	80 74	80 80	81 82	84 90	84 91	85 90	90 79	91 77	96 76	96 95	99 62	99 80	100 100	
0.00365 seconds

