100
0 0
90 8
87 28
97 81
46 28
94 42
22 38
18 94
55 96
63 56
18 14
15 62
38 18
3 20
36 89
42 57
51 12
8 52
23 42
65 77
8 21
73 15
8 70
20 19
93 94
68 51
29 7
86 60
87 83
79 18
73 39
26 86
2 16
19 99
67 63
22 83
13 1
47 92
81 48
58 92
11 78
47 3
76 70
63 33
31 82
6 65
78 34
55 33
98 89
31 57
39 85
99 81
91 10
31 44
97 29
88 77
29 14
31 54
19 17
14 85
92 63
55 8
45 38
85 98
95 9
86 3
69 5
63 33
64 86
30 50
20 13
31 13
51 88
89 42
21 51
90 43
81 65
49 26
93 39
75 50
29 1
5 83
84 31
26 21
60 5
33 90
33 76
56 87
86 36
87 9
62 43
91 14
66 96
38 43
97 26
92 16
9 93
36 65
20 48
100 100
